Vertex Count: 768

Data:

0.31819 0.55557 0.768178 0.6875 0.3125 0.1393 0.7002 0.7002
0.212608 0.83147 0.51328 0.6875 0.1875 0.1393 0.7002 0.7002
0 0.55557 0.83147 0.75 0.3125 0.1393 0.7002 0.7002
0.587938 -0.55557 0.587938 0.625 0.6875 0.5147 -0.3764 0.7703
0.69352 -0.19509 0.69352 0.625 0.5625 0.5147 -0.3764 0.7703
0.31819 -0.55557 0.768178 0.6875 0.6875 0.5147 -0.3764 0.7703
0.31819 0.55557 0.768178 0.6875 0.3125 0.1807 0.3764 0.9087
0 0.55557 0.83147 0.75 0.3125 0.1807 0.3764 0.9087
0.37533 0.19509 0.906127 0.6875 0.4375 0.1807 0.3764 0.9087
0.392848 -0.83147 0.392847 0.625 0.8125 0.3966 -0.7002 0.5936
0.587938 -0.55557 0.587938 0.625 0.6875 0.3966 -0.7002 0.5936
0.212608 -0.83147 0.51328 0.6875 0.8125 0.3966 -0.7002 0.5936
0.37533 -0.19509 0.906127 0.6875 0.5625 0.1951 0 0.9808
0.37533 0.19509 0.906127 0.6875 0.4375 0.1951 0 0.9808
0 -0.19509 0.980785 0.75 0.5625 0.1951 0 0.9808
-0.212607 0.83147 0.51328 0.8125 0.1875 -0.1393 0.7002 0.7002
-0.318189 0.55557 0.768177 0.8125 0.3125 -0.1393 0.7002 0.7002
0 0.83147 0.55557 0.75 0.1875 -0.1393 0.7002 0.7002
0.212608 0.83147 0.51328 0.6875 0.1875 0.0759 0.9212 0.3816
0.074658 0.980785 0.18024 0.6875 0.0625 0.0759 0.9212 0.3816
0 0.83147 0.55557 0.75 0.1875 0.0759 0.9212 0.3816
0.69352 -0.19509 0.69352 0.625 0.5625 0.5556 0 0.8315
0.69352 0.19509 0.69352 0.625 0.4375 0.5556 0 0.8315
0.37533 -0.19509 0.906127 0.6875 0.5625 0.5556 0 0.8315
0.31819 -0.55557 0.768178 0.6875 0.6875 0.1393 -0.7002 0.7002
0 -0.55557 0.831469 0.75 0.6875 0.1393 -0.7002 0.7002
0.212608 -0.83147 0.51328 0.6875 0.8125 0.1393 -0.7002 0.7002
0.906128 -0.19509 0.37533 0.5625 0.5625 0.8315 0 0.5556
0.906128 0.19509 0.37533 0.5625 0.4375 0.8315 0 0.5556
0.69352 -0.19509 0.69352 0.625 0.5625 0.8315 0 0.5556
0.392848 0.83147 0.392847 0.625 0.1875 0.3966 0.7002 0.5936
0.212608 0.83147 0.51328 0.6875 0.1875 0.3966 0.7002 0.5936
0.587938 0.55557 0.587938 0.625 0.3125 0.3966 0.7002 0.5936
0.074658 0.980785 0.18024 0.6875 0.0625 0.0555 0.995 0.0831
0.13795 0.980785 0.13795 0.625 0.0625 0.0555 0.995 0.0831
0 1 -1e-06 0.640625 0 0.0555 0.995 0.0831
0.13795 -0.980785 0.137949 0.625 0.9375 0.2161 -0.9212 0.3235
0.392848 -0.83147 0.392847 0.625 0.8125 0.2161 -0.9212 0.3235
0.074658 -0.980785 0.18024 0.6875 0.9375 0.2161 -0.9212 0.3235
-0.37533 0.19509 0.906127 0.8125 0.4375 -0.1951 0 0.9808
-0.37533 -0.19509 0.906127 0.8125 0.5625 -0.1951 0 0.9808
0 0.19509 0.980785 0.75 0.4375 -0.1951 0 0.9808
0.18024 0.980785 0.074658 0.5625 0.0625 0.3235 0.9212 0.2161
0.13795 0.980785 0.13795 0.625 0.0625 0.3235 0.9212 0.2161
0.51328 0.83147 0.212607 0.5625 0.1875 0.3235 0.9212 0.2161
0.31819 -0.55557 0.768178 0.6875 0.6875 0.1807 -0.3764 0.9087
0.37533 -0.19509 0.906127 0.6875 0.5625 0.1807 -0.3764 0.9087
0 -0.55557 0.831469 0.75 0.6875 0.1807 -0.3764 0.9087
0.768178 -0.55557 0.318189 0.5625 0.6875 0.7703 -0.3764 0.5147
0.906128 -0.19509 0.37533 0.5625 0.5625 0.7703 -0.3764 0.5147
0.587938 -0.55557 0.587938 0.625 0.6875 0.7703 -0.3764 0.5147
0.51328 0.83147 0.212607 0.5625 0.1875 0.5936 0.7002 0.3966
0.392848 0.83147 0.392847 0.625 0.1875 0.5936 0.7002 0.3966
0.768178 0.55557 0.318189 0.5625 0.3125 0.5936 0.7002 0.3966
0.980785 -0.19509 0 0.5 0.5625 0.9808 0 0.1951
0.980785 0.19509 -0 0.5 0.4375 0.9808 0 0.1951
0.906128 -0.19509 0.37533 0.5625 0.5625 0.9808 0 0.1951
0.51328 -0.83147 0.212607 0.5625 0.8125 0.5936 -0.7002 0.3966
0.768178 -0.55557 0.318189 0.5625 0.6875 0.5936 -0.7002 0.3966
0.392848 -0.83147 0.392847 0.625 0.8125 0.5936 -0.7002 0.3966
0.55557 0.83147 -0 0.5 0.1875 0.3816 0.9212 0.0759
0.195091 0.980785 -0 0.5 0.0625 0.3816 0.9212 0.0759
0.51328 0.83147 0.212607 0.5625 0.1875 0.3816 0.9212 0.0759
0.13795 -0.980785 0.137949 0.625 0.9375 0.0555 -0.995 0.0831
0.074658 -0.980785 0.18024 0.6875 0.9375 0.0555 -0.995 0.0831
0 -1 0 0.671875 1 0.0555 -0.995 0.0831
0.51328 -0.83147 0.212607 0.5625 0.8125 0.3235 -0.9212 0.2161
0.392848 -0.83147 0.392847 0.625 0.8125 0.3235 -0.9212 0.2161
0.18024 -0.980785 0.074658 0.5625 0.9375 0.3235 -0.9212 0.2161
0.83147 0.55557 -0 0.5 0.3125 0.9087 0.3764 0.1807
0.768178 0.55557 0.318189 0.5625 0.3125 0.9087 0.3764 0.1807
0.980785 0.19509 -0 0.5 0.4375 0.9087 0.3764 0.1807
0.13795 0.980785 0.13795 0.625 0.0625 0.0831 0.995 0.0555
0.18024 0.980785 0.074658 0.5625 0.0625 0.0831 0.995 0.0555
0 1 -1e-06 0.578125 0 0.0831 0.995 0.0555
0.83147 -0.55557 0 0.5 0.6875 0.9087 -0.3764 0.1807
0.980785 -0.19509 0 0.5 0.5625 0.9087 -0.3764 0.1807
0.768178 -0.55557 0.318189 0.5625 0.6875 0.9087 -0.3764 0.1807
0.83147 0.55557 -0 0.5 0.3125 0.7002 0.7002 0.1393
0.55557 0.83147 -0 0.5 0.1875 0.7002 0.7002 0.1393
0.768178 0.55557 0.318189 0.5625 0.3125 0.7002 0.7002 0.1393
0.906127 -0.19509 -0.375331 0.4375 0.5625 0.9808 -0 -0.1951
0.906127 0.19509 -0.375331 0.4375 0.4375 0.9808 -0 -0.1951
0.980785 -0.19509 0 0.5 0.5625 0.9808 -0 -0.1951
0.83147 -0.55557 0 0.5 0.6875 0.7002 -0.7002 0.1393
0.768178 -0.55557 0.318189 0.5625 0.6875 0.7002 -0.7002 0.1393
0.55557 -0.83147 0 0.5 0.8125 0.7002 -0.7002 0.1393
0.18024 -0.980785 0.074658 0.5625 0.9375 0.0831 -0.995 0.0555
0.13795 -0.980785 0.137949 0.625 0.9375 0.0831 -0.995 0.0555
0 -1 0 0.609375 1 0.0831 -0.995 0.0555
0.18024 0.980785 -0.074658 0.4375 0.0625 0.3816 0.9212 -0.0759
0.195091 0.980785 -0 0.5 0.0625 0.3816 0.9212 -0.0759
0.51328 0.83147 -0.212608 0.4375 0.1875 0.3816 0.9212 -0.0759
0.19509 -0.980785 0 0.5 0.9375 0.3816 -0.9212 0.0759
0.55557 -0.83147 0 0.5 0.8125 0.3816 -0.9212 0.0759
0.18024 -0.980785 0.074658 0.5625 0.9375 0.3816 -0.9212 0.0759
0.906127 0.19509 -0.375331 0.4375 0.4375 0.9087 0.3764 -0.1807
0.768178 0.55557 -0.31819 0.4375 0.3125 0.9087 0.3764 -0.1807
0.980785 0.19509 -0 0.5 0.4375 0.9087 0.3764 -0.1807
0.18024 0.980785 0.074658 0.5625 0.0625 0.098 0.995 0.0195
0.195091 0.980785 -0 0.5 0.0625 0.098 0.995 0.0195
0 1 -1e-06 0.515625 0 0.098 0.995 0.0195
0.768178 0.55557 -0.31819 0.4375 0.3125 0.7002 0.7002 -0.1393
0.51328 0.83147 -0.212608 0.4375 0.1875 0.7002 0.7002 -0.1393
0.83147 0.55557 -0 0.5 0.3125 0.7002 0.7002 -0.1393
0.69352 -0.19509 -0.69352 0.375 0.5625 0.8315 -0 -0.5556
0.69352 0.19509 -0.69352 0.375 0.4375 0.8315 -0 -0.5556
0.906127 -0.19509 -0.375331 0.4375 0.5625 0.8315 -0 -0.5556
0.906127 -0.19509 -0.375331 0.4375 0.5625 0.9087 -0.3764 -0.1807
0.980785 -0.19509 0 0.5 0.5625 0.9087 -0.3764 -0.1807
0.768178 -0.55557 -0.31819 0.4375 0.6875 0.9087 -0.3764 -0.1807
0.19509 -0.980785 0 0.5 0.9375 0.098 -0.995 0.0195
0.18024 -0.980785 0.074658 0.5625 0.9375 0.098 -0.995 0.0195
0 -1 0 0.546875 1 0.098 -0.995 0.0195
0.392848 0.83147 -0.392848 0.375 0.1875 0.3235 0.9212 -0.2161
0.13795 0.980785 -0.13795 0.375 0.0625 0.3235 0.9212 -0.2161
0.51328 0.83147 -0.212608 0.4375 0.1875 0.3235 0.9212 -0.2161
0.51328 -0.83147 -0.212608 0.4375 0.8125 0.3816 -0.9212 -0.0759
0.55557 -0.83147 0 0.5 0.8125 0.3816 -0.9212 -0.0759
0.18024 -0.980785 -0.074658 0.4375 0.9375 0.3816 -0.9212 -0.0759
0.69352 0.19509 -0.69352 0.375 0.4375 0.7703 0.3764 -0.5147
0.587938 0.55557 -0.587938 0.375 0.3125 0.7703 0.3764 -0.5147
0.906127 0.19509 -0.375331 0.4375 0.4375 0.7703 0.3764 -0.5147
0.768178 -0.55557 -0.31819 0.4375 0.6875 0.7002 -0.7002 -0.1393
0.83147 -0.55557 0 0.5 0.6875 0.7002 -0.7002 -0.1393
0.51328 -0.83147 -0.212608 0.4375 0.8125 0.7002 -0.7002 -0.1393
0.195091 0.980785 -0 0.5 0.0625 0.098 0.995 -0.0195
0.18024 0.980785 -0.074658 0.4375 0.0625 0.098 0.995 -0.0195
0 1 -1e-06 0.453124 0 0.098 0.995 -0.0195
0.587938 0.55557 -0.587938 0.375 0.3125 0.5936 0.7002 -0.3966
0.392848 0.83147 -0.392848 0.375 0.1875 0.5936 0.7002 -0.3966
0.768178 0.55557 -0.31819 0.4375 0.3125 0.5936 0.7002 -0.3966
0.37533 -0.19509 -0.906128 0.3125 0.5625 0.5556 -0 -0.8315
0.37533 0.19509 -0.906128 0.3125 0.4375 0.5556 -0 -0.8315
0.69352 -0.19509 -0.69352 0.375 0.5625 0.5556 -0 -0.8315
0.69352 -0.19509 -0.69352 0.375 0.5625 0.7703 -0.3764 -0.5147
0.906127 -0.19509 -0.375331 0.4375 0.5625 0.7703 -0.3764 -0.5147
0.587938 -0.55557 -0.587938 0.375 0.6875 0.7703 -0.3764 -0.5147
0.18024 -0.980785 -0.074658 0.4375 0.9375 0.098 -0.995 -0.0195
0.19509 -0.980785 0 0.5 0.9375 0.098 -0.995 -0.0195
0 -1 0 0.484375 1 0.098 -0.995 -0.0195
0.212608 0.83147 -0.51328 0.3125 0.1875 0.3966 0.7002 -0.5936
0.392848 0.83147 -0.392848 0.375 0.1875 0.3966 0.7002 -0.5936
0.31819 0.55557 -0.768178 0.3125 0.3125 0.3966 0.7002 -0.5936
0.392848 -0.83147 -0.392848 0.375 0.8125 0.3235 -0.9212 -0.2161
0.51328 -0.83147 -0.212608 0.4375 0.8125 0.3235 -0.9212 -0.2161
0.13795 -0.980785 -0.13795 0.375 0.9375 0.3235 -0.9212 -0.2161
0.37533 0.19509 -0.906128 0.3125 0.4375 0.5147 0.3764 -0.7703
0.31819 0.55557 -0.768178 0.3125 0.3125 0.5147 0.3764 -0.7703
0.69352 0.19509 -0.69352 0.375 0.4375 0.5147 0.3764 -0.7703
0.587938 -0.55557 -0.587938 0.375 0.6875 0.5936 -0.7002 -0.3966
0.768178 -0.55557 -0.31819 0.4375 0.6875 0.5936 -0.7002 -0.3966
0.392848 -0.83147 -0.392848 0.375 0.8125 0.5936 -0.7002 -0.3966
0.074658 0.980785 -0.18024 0.3125 0.0625 0.2161 0.9212 -0.3235
0.13795 0.980785 -0.13795 0.375 0.0625 0.2161 0.9212 -0.3235
0.212608 0.83147 -0.51328 0.3125 0.1875 0.2161 0.9212 -0.3235
0.18024 0.980785 -0.074658 0.4375 0.0625 0.0831 0.995 -0.0555
0.13795 0.980785 -0.13795 0.375 0.0625 0.0831 0.995 -0.0555
0 1 -1e-06 0.390625 0 0.0831 0.995 -0.0555
0 -0.19509 -0.980785 0.25 0.5625 0.1951 -0 -0.9808
0 0.19509 -0.980785 0.25 0.4375 0.1951 -0 -0.9808
0.37533 -0.19509 -0.906128 0.3125 0.5625 0.1951 -0 -0.9808
0.212608 -0.83147 -0.51328 0.3125 0.8125 0.3966 -0.7002 -0.5936
0.31819 -0.55557 -0.768178 0.3125 0.6875 0.3966 -0.7002 -0.5936
0.392848 -0.83147 -0.392848 0.375 0.8125 0.3966 -0.7002 -0.5936
0.37533 -0.19509 -0.906128 0.3125 0.5625 0.5147 -0.3764 -0.7703
0.69352 -0.19509 -0.69352 0.375 0.5625 0.5147 -0.3764 -0.7703
0.31819 -0.55557 -0.768178 0.3125 0.6875 0.5147 -0.3764 -0.7703
0.074658 -0.980785 -0.18024 0.3125 0.9375 0.2161 -0.9212 -0.3235
0.212608 -0.83147 -0.51328 0.3125 0.8125 0.2161 -0.9212 -0.3235
0.13795 -0.980785 -0.13795 0.375 0.9375 0.2161 -0.9212 -0.3235
0 0.19509 -0.980785 0.25 0.4375 0.1807 0.3764 -0.9087
0 0.55557 -0.83147 0.25 0.3125 0.1807 0.3764 -0.9087
0.37533 0.19509 -0.906128 0.3125 0.4375 0.1807 0.3764 -0.9087
0 0.83147 -0.555571 0.25 0.1875 0.0759 0.9212 -0.3816
0 0.980785 -0.195091 0.25 0.0625 0.0759 0.9212 -0.3816
0.212608 0.83147 -0.51328 0.3125 0.1875 0.0759 0.9212 -0.3816
0.13795 0.980785 -0.13795 0.375 0.0625 0.0555 0.995 -0.0831
0.074658 0.980785 -0.18024 0.3125 0.0625 0.0555 0.995 -0.0831
0 1 -1e-06 0.328125 0 0.0555 0.995 -0.0831
0.13795 -0.980785 -0.13795 0.375 0.9375 0.0831 -0.995 -0.0555
0.18024 -0.980785 -0.074658 0.4375 0.9375 0.0831 -0.995 -0.0555
0 -1 0 0.421875 1 0.0831 -0.995 -0.0555
-0.37533 -0.19509 -0.906127 0.1875 0.5625 -0.1951 -0 -0.9808
-0.37533 0.19509 -0.906127 0.1875 0.4375 -0.1951 -0 -0.9808
0 -0.19509 -0.980785 0.25 0.5625 -0.1951 -0 -0.9808
0 -0.83147 -0.55557 0.25 0.8125 0.1393 -0.7002 -0.7002
0 -0.55557 -0.83147 0.25 0.6875 0.1393 -0.7002 -0.7002
0.212608 -0.83147 -0.51328 0.3125 0.8125 0.1393 -0.7002 -0.7002
0 -0.19509 -0.980785 0.25 0.5625 0.1807 -0.3764 -0.9087
0.37533 -0.19509 -0.906128 0.3125 0.5625 0.1807 -0.3764 -0.9087
0 -0.55557 -0.83147 0.25 0.6875 0.1807 -0.3764 -0.9087
0 0.55557 -0.83147 0.25 0.3125 0.1393 0.7002 -0.7002
0 0.83147 -0.555571 0.25 0.1875 0.1393 0.7002 -0.7002
0.31819 0.55557 -0.768178 0.3125 0.3125 0.1393 0.7002 -0.7002
-0.074658 0.980785 -0.18024 0.1875 0.0625 -0.0759 0.9212 -0.3816
0 0.980785 -0.195091 0.25 0.0625 -0.0759 0.9212 -0.3816
-0.212608 0.83147 -0.51328 0.1875 0.1875 -0.0759 0.9212 -0.3816
-0.31819 0.55557 -0.768178 0.1875 0.3125 -0.1807 0.3764 -0.9087
0 0.55557 -0.83147 0.25 0.3125 -0.1807 0.3764 -0.9087
-0.37533 0.19509 -0.906127 0.1875 0.4375 -0.1807 0.3764 -0.9087
0.074658 0.980785 -0.18024 0.3125 0.0625 0.0195 0.995 -0.098
0 0.980785 -0.195091 0.25 0.0625 0.0195 0.995 -0.098
0 1 -1e-06 0.265625 0 0.0195 0.995 -0.098
0 -0.83147 -0.55557 0.25 0.8125 0.0759 -0.9212 -0.3816
0.212608 -0.83147 -0.51328 0.3125 0.8125 0.0759 -0.9212 -0.3816
0 -0.980785 -0.195091 0.25 0.9375 0.0759 -0.9212 -0.3816
0.074658 -0.980785 -0.18024 0.3125 0.9375 0.0555 -0.995 -0.0831
0.13795 -0.980785 -0.13795 0.375 0.9375 0.0555 -0.995 -0.0831
0 -1 0 0.359375 1 0.0555 -0.995 -0.0831
-0.212608 -0.83147 -0.51328 0.1875 0.8125 -0.1393 -0.7002 -0.7002
-0.31819 -0.55557 -0.768178 0.1875 0.6875 -0.1393 -0.7002 -0.7002
0 -0.83147 -0.55557 0.25 0.8125 -0.1393 -0.7002 -0.7002
-0.31819 -0.55557 -0.768178 0.1875 0.6875 -0.1807 -0.3764 -0.9087
-0.37533 -0.19509 -0.906127 0.1875 0.5625 -0.1807 -0.3764 -0.9087
0 -0.55557 -0.83147 0.25 0.6875 -0.1807 -0.3764 -0.9087
-0.212608 0.83147 -0.51328 0.1875 0.1875 -0.1393 0.7002 -0.7002
0 0.83147 -0.555571 0.25 0.1875 -0.1393 0.7002 -0.7002
-0.31819 0.55557 -0.768178 0.1875 0.3125 -0.1393 0.7002 -0.7002
-0.69352 -0.19509 -0.69352 0.125 0.5625 -0.5556 -0 -0.8315
-0.69352 0.19509 -0.69352 0.125 0.4375 -0.5556 -0 -0.8315
-0.37533 -0.19509 -0.906127 0.1875 0.5625 -0.5556 -0 -0.8315
-0.392848 0.83147 -0.392848 0.125 0.1875 -0.2161 0.9212 -0.3235
-0.13795 0.980785 -0.13795 0.125 0.0625 -0.2161 0.9212 -0.3235
-0.212608 0.83147 -0.51328 0.1875 0.1875 -0.2161 0.9212 -0.3235
0 0.980785 -0.195091 0.25 0.0625 -0.0195 0.995 -0.098
-0.074658 0.980785 -0.18024 0.1875 0.0625 -0.0195 0.995 -0.098
0 1 -1e-06 0.203125 0 -0.0195 0.995 -0.098
-0.074658 -0.980785 -0.18024 0.1875 0.9375 -0.0759 -0.9212 -0.3816
-0.212608 -0.83147 -0.51328 0.1875 0.8125 -0.0759 -0.9212 -0.3816
0 -0.980785 -0.195091 0.25 0.9375 -0.0759 -0.9212 -0.3816
-0.69352 0.19509 -0.69352 0.125 0.4375 -0.5147 0.3764 -0.7703
-0.587938 0.55557 -0.587938 0.125 0.3125 -0.5147 0.3764 -0.7703
-0.37533 0.19509 -0.906127 0.1875 0.4375 -0.5147 0.3764 -0.7703
0 -0.980785 -0.195091 0.25 0.9375 0.0195 -0.995 -0.098
0.074658 -0.980785 -0.18024 0.3125 0.9375 0.0195 -0.995 -0.098
0 -1 0 0.296875 1 0.0195 -0.995 -0.098
-0.587938 -0.55557 -0.587938 0.125 0.6875 -0.3966 -0.7002 -0.5936
-0.31819 -0.55557 -0.768178 0.1875 0.6875 -0.3966 -0.7002 -0.5936
-0.392847 -0.83147 -0.392848 0.125 0.8125 -0.3966 -0.7002 -0.5936
-0.587938 -0.55557 -0.587938 0.125 0.6875 -0.5147 -0.3764 -0.7703
-0.69352 -0.19509 -0.69352 0.125 0.5625 -0.5147 -0.3764 -0.7703
-0.31819 -0.55557 -0.768178 0.1875 0.6875 -0.5147 -0.3764 -0.7703
-0.587938 0.55557 -0.587938 0.125 0.3125 -0.3966 0.7002 -0.5936
-0.392848 0.83147 -0.392848 0.125 0.1875 -0.3966 0.7002 -0.5936
-0.31819 0.55557 -0.768178 0.1875 0.3125 -0.3966 0.7002 -0.5936
-0.906127 -0.19509 -0.37533 0.0625 0.5625 -0.8315 -0 -0.5556
-0.906127 0.19509 -0.37533 0.0625 0.4375 -0.8315 -0 -0.5556
-0.69352 -0.19509 -0.69352 0.125 0.5625 -0.8315 -0 -0.5556
-0.392847 -0.83147 -0.392848 0.125 0.8125 -0.2161 -0.9212 -0.3235
-0.212608 -0.83147 -0.51328 0.1875 0.8125 -0.2161 -0.9212 -0.3235
-0.13795 -0.980785 -0.13795 0.125 0.9375 -0.2161 -0.9212 -0.3235
-0.074658 0.980785 -0.18024 0.1875 0.0625 -0.0555 0.995 -0.0831
-0.13795 0.980785 -0.13795 0.125 0.0625 -0.0555 0.995 -0.0831
0 1 -1e-06 0.140625 0 -0.0555 0.995 -0.0831
-0.906127 0.19509 -0.37533 0.0625 0.4375 -0.7703 0.3764 -0.5147
-0.768177 0.55557 -0.31819 0.0625 0.3125 -0.7703 0.3764 -0.5147
-0.69352 0.19509 -0.69352 0.125 0.4375 -0.7703 0.3764 -0.5147
-0.074658 -0.980785 -0.18024 0.1875 0.9375 -0.0195 -0.995 -0.098
0 -0.980785 -0.195091 0.25 0.9375 -0.0195 -0.995 -0.098
0 -1 0 0.234375 1 -0.0195 -0.995 -0.098
-0.18024 0.980785 -0.074658 0.0625 0.0625 -0.3235 0.9212 -0.2161
-0.13795 0.980785 -0.13795 0.125 0.0625 -0.3235 0.9212 -0.2161
-0.51328 0.83147 -0.212608 0.0625 0.1875 -0.3235 0.9212 -0.2161
-0.768177 -0.55557 -0.31819 0.0625 0.6875 -0.5936 -0.7002 -0.3966
-0.587938 -0.55557 -0.587938 0.125 0.6875 -0.5936 -0.7002 -0.3966
-0.51328 -0.83147 -0.212608 0.0625 0.8125 -0.5936 -0.7002 -0.3966
-0.768177 -0.55557 -0.31819 0.0625 0.6875 -0.7703 -0.3764 -0.5147
-0.906127 -0.19509 -0.37533 0.0625 0.5625 -0.7703 -0.3764 -0.5147
-0.587938 -0.55557 -0.587938 0.125 0.6875 -0.7703 -0.3764 -0.5147
-0.51328 0.83147 -0.212608 0.0625 0.1875 -0.5936 0.7002 -0.3966
-0.392848 0.83147 -0.392848 0.125 0.1875 -0.5936 0.7002 -0.3966
-0.768177 0.55557 -0.31819 0.0625 0.3125 -0.5936 0.7002 -0.3966
-0.980785 -0.19509 0 0 0.5625 -0.9808 -0 -0.1951
-0.980785 0.19509 -0 1 0.4375 -0.9808 -0 -0.1951
-0.906127 -0.19509 -0.37533 0.0625 0.5625 -0.9808 -0 -0.1951
-0.18024 -0.980785 -0.074658 0.0625 0.9375 -0.3235 -0.9212 -0.2161
-0.51328 -0.83147 -0.212608 0.0625 0.8125 -0.3235 -0.9212 -0.2161
-0.13795 -0.980785 -0.13795 0.125 0.9375 -0.3235 -0.9212 -0.2161
-0.980785 0.19509 -0 0 0.4375 -0.9087 0.3764 -0.1807
-0.831469 0.55557 -0 1 0.3125 -0.9087 0.3764 -0.1807
-0.906127 0.19509 -0.37533 0.0625 0.4375 -0.9087 0.3764 -0.1807
-0.13795 0.980785 -0.13795 0.125 0.0625 -0.0831 0.995 -0.0555
-0.18024 0.980785 -0.074658 0.0625 0.0625 -0.0831 0.995 -0.0555
0 1 -1e-06 0.078125 0 -0.0831 0.995 -0.0555
-0.13795 -0.980785 -0.13795 0.125 0.9375 -0.0555 -0.995 -0.0831
-0.074658 -0.980785 -0.18024 0.1875 0.9375 -0.0555 -0.995 -0.0831
0 -1 0 0.171875 1 -0.0555 -0.995 -0.0831
-0.19509 0.980785 -0 1 0.0625 -0.3816 0.9212 -0.0759
-0.18024 0.980785 -0.074658 0.0625 0.0625 -0.3816 0.9212 -0.0759
-0.55557 0.83147 -0 0 0.1875 -0.3816 0.9212 -0.0759
-0.55557 -0.83147 0 0 0.8125 -0.7002 -0.7002 -0.1393
-0.831469 -0.55557 0 1 0.6875 -0.7002 -0.7002 -0.1393
-0.51328 -0.83147 -0.212608 0.0625 0.8125 -0.7002 -0.7002 -0.1393
-0.980785 -0.19509 0 1 0.5625 -0.9087 -0.3764 -0.1807
-0.906127 -0.19509 -0.37533 0.0625 0.5625 -0.9087 -0.3764 -0.1807
-0.831469 -0.55557 0 0 0.6875 -0.9087 -0.3764 -0.1807
-0.55557 0.83147 -0 1 0.1875 -0.7002 0.7002 -0.1393
-0.51328 0.83147 -0.212608 0.0625 0.1875 -0.7002 0.7002 -0.1393
-0.831469 0.55557 -0 0 0.3125 -0.7002 0.7002 -0.1393
-0.906127 -0.19509 0.37533 0.9375 0.5625 -0.9808 0 0.1951
-0.906127 0.19509 0.37533 0.9375 0.4375 -0.9808 0 0.1951
-0.980785 -0.19509 0 0 0.5625 -0.9808 0 0.1951
-0.906127 0.19509 0.37533 0.9375 0.4375 -0.9087 0.3764 0.1807
-0.768177 0.55557 0.318189 0.9375 0.3125 -0.9087 0.3764 0.1807
-0.980785 0.19509 -0 0 0.4375 -0.9087 0.3764 0.1807
-0.18024 -0.980785 -0.074658 0.0625 0.9375 -0.0831 -0.995 -0.0555
-0.13795 -0.980785 -0.13795 0.125 0.9375 -0.0831 -0.995 -0.0555
0 -1 0 0.109375 1 -0.0831 -0.995 -0.0555
-0.18024 0.980785 -0.074658 0.0625 0.0625 -0.098 0.995 -0.0195
-0.19509 0.980785 -0 0 0.0625 -0.098 0.995 -0.0195
0 1 -1e-06 0.015625 0 -0.098 0.995 -0.0195
-0.51328 0.83147 0.212607 0.9375 0.1875 -0.3816 0.9212 0.0759
-0.18024 0.980785 0.074658 0.9375 0.0625 -0.3816 0.9212 0.0759
-0.55557 0.83147 -0 0 0.1875 -0.3816 0.9212 0.0759
-0.19509 -0.980785 0 0 0.9375 -0.3816 -0.9212 -0.0759
-0.55557 -0.83147 0 1 0.8125 -0.3816 -0.9212 -0.0759
-0.18024 -0.980785 -0.074658 0.0625 0.9375 -0.3816 -0.9212 -0.0759
-0.906127 -0.19509 0.37533 0.9375 0.5625 -0.9087 -0.3764 0.1807
-0.980785 -0.19509 0 1 0.5625 -0.9087 -0.3764 0.1807
-0.768177 -0.55557 0.318189 0.9375 0.6875 -0.9087 -0.3764 0.1807
-0.768177 0.55557 0.318189 0.9375 0.3125 -0.7002 0.7002 0.1393
-0.51328 0.83147 0.212607 0.9375 0.1875 -0.7002 0.7002 0.1393
-0.831469 0.55557 -0 0 0.3125 -0.7002 0.7002 0.1393
-0.693519 -0.19509 0.693519 0.875 0.5625 -0.8315 0 0.5556
-0.693519 0.19509 0.693519 0.875 0.4375 -0.8315 0 0.5556
-0.906127 -0.19509 0.37533 0.9375 0.5625 -0.8315 0 0.5556
-0.768177 -0.55557 0.318189 0.9375 0.6875 -0.7002 -0.7002 0.1393
-0.831469 -0.55557 0 1 0.6875 -0.7002 -0.7002 0.1393
-0.51328 -0.83147 0.212607 0.9375 0.8125 -0.7002 -0.7002 0.1393
-0.19509 0.980785 -0 1 0.0625 -0.098 0.995 0.0195
-0.18024 0.980785 0.074658 0.9375 0.0625 -0.098 0.995 0.0195
0 1 -1e-06 0.953125 0 -0.098 0.995 0.0195
-0.19509 -0.980785 0 0 0.9375 -0.098 -0.995 -0.0195
-0.18024 -0.980785 -0.074658 0.0625 0.9375 -0.098 -0.995 -0.0195
0 -1 0 0.046875 1 -0.098 -0.995 -0.0195
-0.13795 0.980785 0.137949 0.875 0.0625 -0.3235 0.9212 0.2161
-0.18024 0.980785 0.074658 0.9375 0.0625 -0.3235 0.9212 0.2161
-0.392847 0.83147 0.392847 0.875 0.1875 -0.3235 0.9212 0.2161
-0.51328 -0.83147 0.212607 0.9375 0.8125 -0.3816 -0.9212 0.0759
-0.55557 -0.83147 0 1 0.8125 -0.3816 -0.9212 0.0759
-0.18024 -0.980785 0.074657 0.9375 0.9375 -0.3816 -0.9212 0.0759
-0.587937 0.55557 0.587937 0.875 0.3125 -0.7703 0.3764 0.5147
-0.768177 0.55557 0.318189 0.9375 0.3125 -0.7703 0.3764 0.5147
-0.693519 0.19509 0.693519 0.875 0.4375 -0.7703 0.3764 0.5147
-0.392847 0.83147 0.392847 0.875 0.1875 -0.5936 0.7002 0.3966
-0.51328 0.83147 0.212607 0.9375 0.1875 -0.5936 0.7002 0.3966
-0.587937 0.55557 0.587937 0.875 0.3125 -0.5936 0.7002 0.3966
-0.37533 -0.19509 0.906127 0.8125 0.5625 -0.5556 0 0.8315
-0.37533 0.19509 0.906127 0.8125 0.4375 -0.5556 0 0.8315
-0.693519 -0.19509 0.693519 0.875 0.5625 -0.5556 0 0.8315
-0.392847 -0.83147 0.392847 0.875 0.8125 -0.5936 -0.7002 0.3966
-0.587937 -0.55557 0.587937 0.875 0.6875 -0.5936 -0.7002 0.3966
-0.51328 -0.83147 0.212607 0.9375 0.8125 -0.5936 -0.7002 0.3966
-0.18024 0.980785 0.074658 0.9375 0.0625 -0.0831 0.995 0.0555
-0.13795 0.980785 0.137949 0.875 0.0625 -0.0831 0.995 0.0555
0 1 -1e-06 0.890625 0 -0.0831 0.995 0.0555
-0.18024 -0.980785 0.074657 0.9375 0.9375 -0.098 -0.995 0.0195
-0.19509 -0.980785 0 1 0.9375 -0.098 -0.995 0.0195
0 -1 0 0.984375 1 -0.098 -0.995 0.0195
-0.212607 0.83147 0.51328 0.8125 0.1875 -0.2161 0.9212 0.3235
-0.074658 0.980785 0.18024 0.8125 0.0625 -0.2161 0.9212 0.3235
-0.392847 0.83147 0.392847 0.875 0.1875 -0.2161 0.9212 0.3235
-0.587937 -0.55557 0.587937 0.875 0.6875 -0.7703 -0.3764 0.5147
-0.693519 -0.19509 0.693519 0.875 0.5625 -0.7703 -0.3764 0.5147
-0.768177 -0.55557 0.318189 0.9375 0.6875 -0.7703 -0.3764 0.5147
-0.37533 0.19509 0.906127 0.8125 0.4375 -0.5147 0.3764 0.7703
-0.318189 0.55557 0.768177 0.8125 0.3125 -0.5147 0.3764 0.7703
-0.693519 0.19509 0.693519 0.875 0.4375 -0.5147 0.3764 0.7703
-0.392847 -0.83147 0.392847 0.875 0.8125 -0.3235 -0.9212 0.2161
-0.51328 -0.83147 0.212607 0.9375 0.8125 -0.3235 -0.9212 0.2161
-0.13795 -0.980785 0.137949 0.875 0.9375 -0.3235 -0.9212 0.2161
-0.318189 0.55557 0.768177 0.8125 0.3125 -0.3966 0.7002 0.5936
-0.212607 0.83147 0.51328 0.8125 0.1875 -0.3966 0.7002 0.5936
-0.587937 0.55557 0.587937 0.875 0.3125 -0.3966 0.7002 0.5936
0 -0.980785 0.19509 0.75 0.9375 -0.0195 -0.995 0.098
-0.074658 -0.980785 0.18024 0.8125 0.9375 -0.0195 -0.995 0.098
0 -1 0 0.796875 1 -0.0195 -0.995 0.098
-0.212607 -0.83147 0.513279 0.8125 0.8125 -0.3966 -0.7002 0.5936
-0.318189 -0.55557 0.768177 0.8125 0.6875 -0.3966 -0.7002 0.5936
-0.392847 -0.83147 0.392847 0.875 0.8125 -0.3966 -0.7002 0.5936
-0.13795 0.980785 0.137949 0.875 0.0625 -0.0555 0.995 0.0831
-0.074658 0.980785 0.18024 0.8125 0.0625 -0.0555 0.995 0.0831
0 1 -1e-06 0.828125 0 -0.0555 0.995 0.0831
-0.37533 -0.19509 0.906127 0.8125 0.5625 -0.5147 -0.3764 0.7703
-0.693519 -0.19509 0.693519 0.875 0.5625 -0.5147 -0.3764 0.7703
-0.318189 -0.55557 0.768177 0.8125 0.6875 -0.5147 -0.3764 0.7703
-0.13795 -0.980785 0.137949 0.875 0.9375 -0.0831 -0.995 0.0555
-0.18024 -0.980785 0.074657 0.9375 0.9375 -0.0831 -0.995 0.0555
0 -1 0 0.921875 1 -0.0831 -0.995 0.0555
-0.212607 -0.83147 0.513279 0.8125 0.8125 -0.2161 -0.9212 0.3235
-0.392847 -0.83147 0.392847 0.875 0.8125 -0.2161 -0.9212 0.3235
-0.074658 -0.980785 0.18024 0.8125 0.9375 -0.2161 -0.9212 0.3235
0 -0.55557 0.831469 0.75 0.6875 -0.1807 -0.3764 0.9087
0 -0.19509 0.980785 0.75 0.5625 -0.1807 -0.3764 0.9087
-0.318189 -0.55557 0.768177 0.8125 0.6875 -0.1807 -0.3764 0.9087
0 -0.55557 0.831469 0.75 0.6875 -0.1393 -0.7002 0.7002
-0.318189 -0.55557 0.768177 0.8125 0.6875 -0.1393 -0.7002 0.7002
0 -0.83147 0.55557 0.75 0.8125 -0.1393 -0.7002 0.7002
-0.074658 -0.980785 0.18024 0.8125 0.9375 -0.0555 -0.995 0.0831
-0.13795 -0.980785 0.137949 0.875 0.9375 -0.0555 -0.995 0.0831
0 -1 0 0.859375 1 -0.0555 -0.995 0.0831
0 -0.980785 0.19509 0.75 0.9375 -0.0759 -0.9212 0.3816
0 -0.83147 0.55557 0.75 0.8125 -0.0759 -0.9212 0.3816
-0.074658 -0.980785 0.18024 0.8125 0.9375 -0.0759 -0.9212 0.3816
-0.074658 0.980785 0.18024 0.8125 0.0625 -0.0195 0.995 0.098
0 0.980785 0.19509 0.75 0.0625 -0.0195 0.995 0.098
0 1 -1e-06 0.765625 0 -0.0195 0.995 0.098
-0.318189 0.55557 0.768177 0.8125 0.3125 -0.1807 0.3764 0.9087
-0.37533 0.19509 0.906127 0.8125 0.4375 -0.1807 0.3764 0.9087
0 0.55557 0.83147 0.75 0.3125 -0.1807 0.3764 0.9087
0.768178 0.55557 0.318189 0.5625 0.3125 0.7703 0.3764 0.5147
0.587938 0.55557 0.587938 0.625 0.3125 0.7703 0.3764 0.5147
0.906128 0.19509 0.37533 0.5625 0.4375 0.7703 0.3764 0.5147
0.074658 -0.980785 0.18024 0.6875 0.9375 0.0195 -0.995 0.098
0 -0.980785 0.19509 0.75 0.9375 0.0195 -0.995 0.098
0 -1 0 0.734375 1 0.0195 -0.995 0.098
0.212608 -0.83147 0.51328 0.6875 0.8125 0.0759 -0.9212 0.3816
0 -0.83147 0.55557 0.75 0.8125 0.0759 -0.9212 0.3816
0.074658 -0.980785 0.18024 0.6875 0.9375 0.0759 -0.9212 0.3816
0.392848 0.83147 0.392847 0.625 0.1875 0.2161 0.9212 0.3235
0.13795 0.980785 0.13795 0.625 0.0625 0.2161 0.9212 0.3235
0.212608 0.83147 0.51328 0.6875 0.1875 0.2161 0.9212 0.3235
0.69352 0.19509 0.69352 0.625 0.4375 0.5147 0.3764 0.7703
0.587938 0.55557 0.587938 0.625 0.3125 0.5147 0.3764 0.7703
0.37533 0.19509 0.906127 0.6875 0.4375 0.5147 0.3764 0.7703
0 0.980785 0.19509 0.75 0.0625 0.0195 0.995 0.098
0.074658 0.980785 0.18024 0.6875 0.0625 0.0195 0.995 0.098
0 1 -1e-06 0.703125 0 0.0195 0.995 0.098
-0.212607 0.83147 0.51328 0.8125 0.1875 -0.0759 0.9212 0.3816
0 0.83147 0.55557 0.75 0.1875 -0.0759 0.9212 0.3816
-0.074658 0.980785 0.18024 0.8125 0.0625 -0.0759 0.9212 0.3816
0.212608 0.83147 0.51328 0.6875 0.1875 0.1393 0.7002 0.7002
0 0.83147 0.55557 0.75 0.1875 0.1393 0.7002 0.7002
0 0.55557 0.83147 0.75 0.3125 0.1393 0.7002 0.7002
0.69352 -0.19509 0.69352 0.625 0.5625 0.5147 -0.3764 0.7703
0.37533 -0.19509 0.906127 0.6875 0.5625 0.5147 -0.3764 0.7703
0.31819 -0.55557 0.768178 0.6875 0.6875 0.5147 -0.3764 0.7703
0 0.55557 0.83147 0.75 0.3125 0.1807 0.3764 0.9087
0 0.19509 0.980785 0.75 0.4375 0.1807 0.3764 0.9087
0.37533 0.19509 0.906127 0.6875 0.4375 0.1807 0.3764 0.9087
0.587938 -0.55557 0.587938 0.625 0.6875 0.3966 -0.7002 0.5936
0.31819 -0.55557 0.768178 0.6875 0.6875 0.3966 -0.7002 0.5936
0.212608 -0.83147 0.51328 0.6875 0.8125 0.3966 -0.7002 0.5936
0.37533 0.19509 0.906127 0.6875 0.4375 0.1951 0 0.9808
0 0.19509 0.980785 0.75 0.4375 0.1951 0 0.9808
0 -0.19509 0.980785 0.75 0.5625 0.1951 0 0.9808
-0.318189 0.55557 0.768177 0.8125 0.3125 -0.1393 0.7002 0.7002
0 0.55557 0.83147 0.75 0.3125 -0.1393 0.7002 0.7002
0 0.83147 0.55557 0.75 0.1875 -0.1393 0.7002 0.7002
0.074658 0.980785 0.18024 0.6875 0.0625 0.0759 0.9212 0.3816
0 0.980785 0.19509 0.75 0.0625 0.0759 0.9212 0.3816
0 0.83147 0.55557 0.75 0.1875 0.0759 0.9212 0.3816
0.69352 0.19509 0.69352 0.625 0.4375 0.5556 0 0.8315
0.37533 0.19509 0.906127 0.6875 0.4375 0.5556 0 0.8315
0.37533 -0.19509 0.906127 0.6875 0.5625 0.5556 0 0.8315
0 -0.55557 0.831469 0.75 0.6875 0.1393 -0.7002 0.7002
0 -0.83147 0.55557 0.75 0.8125 0.1393 -0.7002 0.7002
0.212608 -0.83147 0.51328 0.6875 0.8125 0.1393 -0.7002 0.7002
0.906128 0.19509 0.37533 0.5625 0.4375 0.8315 0 0.5556
0.69352 0.19509 0.69352 0.625 0.4375 0.8315 0 0.5556
0.69352 -0.19509 0.69352 0.625 0.5625 0.8315 0 0.5556
0.212608 0.83147 0.51328 0.6875 0.1875 0.3966 0.7002 0.5936
0.31819 0.55557 0.768178 0.6875 0.3125 0.3966 0.7002 0.5936
0.587938 0.55557 0.587938 0.625 0.3125 0.3966 0.7002 0.5936
0.392848 -0.83147 0.392847 0.625 0.8125 0.2161 -0.9212 0.3235
0.212608 -0.83147 0.51328 0.6875 0.8125 0.2161 -0.9212 0.3235
0.074658 -0.980785 0.18024 0.6875 0.9375 0.2161 -0.9212 0.3235
-0.37533 -0.19509 0.906127 0.8125 0.5625 -0.1951 0 0.9808
0 -0.19509 0.980785 0.75 0.5625 -0.1951 0 0.9808
0 0.19509 0.980785 0.75 0.4375 -0.1951 0 0.9808
0.13795 0.980785 0.13795 0.625 0.0625 0.3235 0.9212 0.2161
0.392848 0.83147 0.392847 0.625 0.1875 0.3235 0.9212 0.2161
0.51328 0.83147 0.212607 0.5625 0.1875 0.3235 0.9212 0.2161
0.37533 -0.19509 0.906127 0.6875 0.5625 0.1807 -0.3764 0.9087
0 -0.19509 0.980785 0.75 0.5625 0.1807 -0.3764 0.9087
0 -0.55557 0.831469 0.75 0.6875 0.1807 -0.3764 0.9087
0.906128 -0.19509 0.37533 0.5625 0.5625 0.7703 -0.3764 0.5147
0.69352 -0.19509 0.69352 0.625 0.5625 0.7703 -0.3764 0.5147
0.587938 -0.55557 0.587938 0.625 0.6875 0.7703 -0.3764 0.5147
0.392848 0.83147 0.392847 0.625 0.1875 0.5936 0.7002 0.3966
0.587938 0.55557 0.587938 0.625 0.3125 0.5936 0.7002 0.3966
0.768178 0.55557 0.318189 0.5625 0.3125 0.5936 0.7002 0.3966
0.980785 0.19509 -0 0.5 0.4375 0.9808 0 0.1951
0.906128 0.19509 0.37533 0.5625 0.4375 0.9808 0 0.1951
0.906128 -0.19509 0.37533 0.5625 0.5625 0.9808 0 0.1951
0.768178 -0.55557 0.318189 0.5625 0.6875 0.5936 -0.7002 0.3966
0.587938 -0.55557 0.587938 0.625 0.6875 0.5936 -0.7002 0.3966
0.392848 -0.83147 0.392847 0.625 0.8125 0.5936 -0.7002 0.3966
0.195091 0.980785 -0 0.5 0.0625 0.3816 0.9212 0.0759
0.18024 0.980785 0.074658 0.5625 0.0625 0.3816 0.9212 0.0759
0.51328 0.83147 0.212607 0.5625 0.1875 0.3816 0.9212 0.0759
0.392848 -0.83147 0.392847 0.625 0.8125 0.3235 -0.9212 0.2161
0.13795 -0.980785 0.137949 0.625 0.9375 0.3235 -0.9212 0.2161
0.18024 -0.980785 0.074658 0.5625 0.9375 0.3235 -0.9212 0.2161
0.768178 0.55557 0.318189 0.5625 0.3125 0.9087 0.3764 0.1807
0.906128 0.19509 0.37533 0.5625 0.4375 0.9087 0.3764 0.1807
0.980785 0.19509 -0 0.5 0.4375 0.9087 0.3764 0.1807
0.980785 -0.19509 0 0.5 0.5625 0.9087 -0.3764 0.1807
0.906128 -0.19509 0.37533 0.5625 0.5625 0.9087 -0.3764 0.1807
0.768178 -0.55557 0.318189 0.5625 0.6875 0.9087 -0.3764 0.1807
0.55557 0.83147 -0 0.5 0.1875 0.7002 0.7002 0.1393
0.51328 0.83147 0.212607 0.5625 0.1875 0.7002 0.7002 0.1393
0.768178 0.55557 0.318189 0.5625 0.3125 0.7002 0.7002 0.1393
0.906127 0.19509 -0.375331 0.4375 0.4375 0.9808 -0 -0.1951
0.980785 0.19509 -0 0.5 0.4375 0.9808 -0 -0.1951
0.980785 -0.19509 0 0.5 0.5625 0.9808 -0 -0.1951
0.768178 -0.55557 0.318189 0.5625 0.6875 0.7002 -0.7002 0.1393
0.51328 -0.83147 0.212607 0.5625 0.8125 0.7002 -0.7002 0.1393
0.55557 -0.83147 0 0.5 0.8125 0.7002 -0.7002 0.1393
0.195091 0.980785 -0 0.5 0.0625 0.3816 0.9212 -0.0759
0.55557 0.83147 -0 0.5 0.1875 0.3816 0.9212 -0.0759
0.51328 0.83147 -0.212608 0.4375 0.1875 0.3816 0.9212 -0.0759
0.55557 -0.83147 0 0.5 0.8125 0.3816 -0.9212 0.0759
0.51328 -0.83147 0.212607 0.5625 0.8125 0.3816 -0.9212 0.0759
0.18024 -0.980785 0.074658 0.5625 0.9375 0.3816 -0.9212 0.0759
0.768178 0.55557 -0.31819 0.4375 0.3125 0.9087 0.3764 -0.1807
0.83147 0.55557 -0 0.5 0.3125 0.9087 0.3764 -0.1807
0.980785 0.19509 -0 0.5 0.4375 0.9087 0.3764 -0.1807
0.51328 0.83147 -0.212608 0.4375 0.1875 0.7002 0.7002 -0.1393
0.55557 0.83147 -0 0.5 0.1875 0.7002 0.7002 -0.1393
0.83147 0.55557 -0 0.5 0.3125 0.7002 0.7002 -0.1393
0.69352 0.19509 -0.69352 0.375 0.4375 0.8315 -0 -0.5556
0.906127 0.19509 -0.375331 0.4375 0.4375 0.8315 -0 -0.5556
0.906127 -0.19509 -0.375331 0.4375 0.5625 0.8315 -0 -0.5556
0.980785 -0.19509 0 0.5 0.5625 0.9087 -0.3764 -0.1807
0.83147 -0.55557 0 0.5 0.6875 0.9087 -0.3764 -0.1807
0.768178 -0.55557 -0.31819 0.4375 0.6875 0.9087 -0.3764 -0.1807
0.13795 0.980785 -0.13795 0.375 0.0625 0.3235 0.9212 -0.2161
0.18024 0.980785 -0.074658 0.4375 0.0625 0.3235 0.9212 -0.2161
0.51328 0.83147 -0.212608 0.4375 0.1875 0.3235 0.9212 -0.2161
0.55557 -0.83147 0 0.5 0.8125 0.3816 -0.9212 -0.0759
0.19509 -0.980785 0 0.5 0.9375 0.3816 -0.9212 -0.0759
0.18024 -0.980785 -0.074658 0.4375 0.9375 0.3816 -0.9212 -0.0759
0.587938 0.55557 -0.587938 0.375 0.3125 0.7703 0.3764 -0.5147
0.768178 0.55557 -0.31819 0.4375 0.3125 0.7703 0.3764 -0.5147
0.906127 0.19509 -0.375331 0.4375 0.4375 0.7703 0.3764 -0.5147
0.83147 -0.55557 0 0.5 0.6875 0.7002 -0.7002 -0.1393
0.55557 -0.83147 0 0.5 0.8125 0.7002 -0.7002 -0.1393
0.51328 -0.83147 -0.212608 0.4375 0.8125 0.7002 -0.7002 -0.1393
0.392848 0.83147 -0.392848 0.375 0.1875 0.5936 0.7002 -0.3966
0.51328 0.83147 -0.212608 0.4375 0.1875 0.5936 0.7002 -0.3966
0.768178 0.55557 -0.31819 0.4375 0.3125 0.5936 0.7002 -0.3966
0.37533 0.19509 -0.906128 0.3125 0.4375 0.5556 -0 -0.8315
0.69352 0.19509 -0.69352 0.375 0.4375 0.5556 -0 -0.8315
0.69352 -0.19509 -0.69352 0.375 0.5625 0.5556 -0 -0.8315
0.906127 -0.19509 -0.375331 0.4375 0.5625 0.7703 -0.3764 -0.5147
0.768178 -0.55557 -0.31819 0.4375 0.6875 0.7703 -0.3764 -0.5147
0.587938 -0.55557 -0.587938 0.375 0.6875 0.7703 -0.3764 -0.5147
0.392848 0.83147 -0.392848 0.375 0.1875 0.3966 0.7002 -0.5936
0.587938 0.55557 -0.587938 0.375 0.3125 0.3966 0.7002 -0.5936
0.31819 0.55557 -0.768178 0.3125 0.3125 0.3966 0.7002 -0.5936
0.51328 -0.83147 -0.212608 0.4375 0.8125 0.3235 -0.9212 -0.2161
0.18024 -0.980785 -0.074658 0.4375 0.9375 0.3235 -0.9212 -0.2161
0.13795 -0.980785 -0.13795 0.375 0.9375 0.3235 -0.9212 -0.2161
0.31819 0.55557 -0.768178 0.3125 0.3125 0.5147 0.3764 -0.7703
0.587938 0.55557 -0.587938 0.375 0.3125 0.5147 0.3764 -0.7703
0.69352 0.19509 -0.69352 0.375 0.4375 0.5147 0.3764 -0.7703
0.768178 -0.55557 -0.31819 0.4375 0.6875 0.5936 -0.7002 -0.3966
0.51328 -0.83147 -0.212608 0.4375 0.8125 0.5936 -0.7002 -0.3966
0.392848 -0.83147 -0.392848 0.375 0.8125 0.5936 -0.7002 -0.3966
0.13795 0.980785 -0.13795 0.375 0.0625 0.2161 0.9212 -0.3235
0.392848 0.83147 -0.392848 0.375 0.1875 0.2161 0.9212 -0.3235
0.212608 0.83147 -0.51328 0.3125 0.1875 0.2161 0.9212 -0.3235
0 0.19509 -0.980785 0.25 0.4375 0.1951 -0 -0.9808
0.37533 0.19509 -0.906128 0.3125 0.4375 0.1951 -0 -0.9808
0.37533 -0.19509 -0.906128 0.3125 0.5625 0.1951 -0 -0.9808
0.31819 -0.55557 -0.768178 0.3125 0.6875 0.3966 -0.7002 -0.5936
0.587938 -0.55557 -0.587938 0.375 0.6875 0.3966 -0.7002 -0.5936
0.392848 -0.83147 -0.392848 0.375 0.8125 0.3966 -0.7002 -0.5936
0.69352 -0.19509 -0.69352 0.375 0.5625 0.5147 -0.3764 -0.7703
0.587938 -0.55557 -0.587938 0.375 0.6875 0.5147 -0.3764 -0.7703
0.31819 -0.55557 -0.768178 0.3125 0.6875 0.5147 -0.3764 -0.7703
0.212608 -0.83147 -0.51328 0.3125 0.8125 0.2161 -0.9212 -0.3235
0.392848 -0.83147 -0.392848 0.375 0.8125 0.2161 -0.9212 -0.3235
0.13795 -0.980785 -0.13795 0.375 0.9375 0.2161 -0.9212 -0.3235
0 0.55557 -0.83147 0.25 0.3125 0.1807 0.3764 -0.9087
0.31819 0.55557 -0.768178 0.3125 0.3125 0.1807 0.3764 -0.9087
0.37533 0.19509 -0.906128 0.3125 0.4375 0.1807 0.3764 -0.9087
0 0.980785 -0.195091 0.25 0.0625 0.0759 0.9212 -0.3816
0.074658 0.980785 -0.18024 0.3125 0.0625 0.0759 0.9212 -0.3816
0.212608 0.83147 -0.51328 0.3125 0.1875 0.0759 0.9212 -0.3816
-0.37533 0.19509 -0.906127 0.1875 0.4375 -0.1951 -0 -0.9808
0 0.19509 -0.980785 0.25 0.4375 -0.1951 -0 -0.9808
0 -0.19509 -0.980785 0.25 0.5625 -0.1951 -0 -0.9808
0 -0.55557 -0.83147 0.25 0.6875 0.1393 -0.7002 -0.7002
0.31819 -0.55557 -0.768178 0.3125 0.6875 0.1393 -0.7002 -0.7002
0.212608 -0.83147 -0.51328 0.3125 0.8125 0.1393 -0.7002 -0.7002
0.37533 -0.19509 -0.906128 0.3125 0.5625 0.1807 -0.3764 -0.9087
0.31819 -0.55557 -0.768178 0.3125 0.6875 0.1807 -0.3764 -0.9087
0 -0.55557 -0.83147 0.25 0.6875 0.1807 -0.3764 -0.9087
0 0.83147 -0.555571 0.25 0.1875 0.1393 0.7002 -0.7002
0.212608 0.83147 -0.51328 0.3125 0.1875 0.1393 0.7002 -0.7002
0.31819 0.55557 -0.768178 0.3125 0.3125 0.1393 0.7002 -0.7002
0 0.980785 -0.195091 0.25 0.0625 -0.0759 0.9212 -0.3816
0 0.83147 -0.555571 0.25 0.1875 -0.0759 0.9212 -0.3816
-0.212608 0.83147 -0.51328 0.1875 0.1875 -0.0759 0.9212 -0.3816
0 0.55557 -0.83147 0.25 0.3125 -0.1807 0.3764 -0.9087
0 0.19509 -0.980785 0.25 0.4375 -0.1807 0.3764 -0.9087
-0.37533 0.19509 -0.906127 0.1875 0.4375 -0.1807 0.3764 -0.9087
0.212608 -0.83147 -0.51328 0.3125 0.8125 0.0759 -0.9212 -0.3816
0.074658 -0.980785 -0.18024 0.3125 0.9375 0.0759 -0.9212 -0.3816
0 -0.980785 -0.195091 0.25 0.9375 0.0759 -0.9212 -0.3816
-0.31819 -0.55557 -0.768178 0.1875 0.6875 -0.1393 -0.7002 -0.7002
0 -0.55557 -0.83147 0.25 0.6875 -0.1393 -0.7002 -0.7002
0 -0.83147 -0.55557 0.25 0.8125 -0.1393 -0.7002 -0.7002
-0.37533 -0.19509 -0.906127 0.1875 0.5625 -0.1807 -0.3764 -0.9087
0 -0.19509 -0.980785 0.25 0.5625 -0.1807 -0.3764 -0.9087
0 -0.55557 -0.83147 0.25 0.6875 -0.1807 -0.3764 -0.9087
0 0.83147 -0.555571 0.25 0.1875 -0.1393 0.7002 -0.7002
0 0.55557 -0.83147 0.25 0.3125 -0.1393 0.7002 -0.7002
-0.31819 0.55557 -0.768178 0.1875 0.3125 -0.1393 0.7002 -0.7002
-0.69352 0.19509 -0.69352 0.125 0.4375 -0.5556 -0 -0.8315
-0.37533 0.19509 -0.906127 0.1875 0.4375 -0.5556 -0 -0.8315
-0.37533 -0.19509 -0.906127 0.1875 0.5625 -0.5556 -0 -0.8315
-0.13795 0.980785 -0.13795 0.125 0.0625 -0.2161 0.9212 -0.3235
-0.074658 0.980785 -0.18024 0.1875 0.0625 -0.2161 0.9212 -0.3235
-0.212608 0.83147 -0.51328 0.1875 0.1875 -0.2161 0.9212 -0.3235
-0.212608 -0.83147 -0.51328 0.1875 0.8125 -0.0759 -0.9212 -0.3816
0 -0.83147 -0.55557 0.25 0.8125 -0.0759 -0.9212 -0.3816
0 -0.980785 -0.195091 0.25 0.9375 -0.0759 -0.9212 -0.3816
-0.587938 0.55557 -0.587938 0.125 0.3125 -0.5147 0.3764 -0.7703
-0.31819 0.55557 -0.768178 0.1875 0.3125 -0.5147 0.3764 -0.7703
-0.37533 0.19509 -0.906127 0.1875 0.4375 -0.5147 0.3764 -0.7703
-0.31819 -0.55557 -0.768178 0.1875 0.6875 -0.3966 -0.7002 -0.5936
-0.212608 -0.83147 -0.51328 0.1875 0.8125 -0.3966 -0.7002 -0.5936
-0.392847 -0.83147 -0.392848 0.125 0.8125 -0.3966 -0.7002 -0.5936
-0.69352 -0.19509 -0.69352 0.125 0.5625 -0.5147 -0.3764 -0.7703
-0.37533 -0.19509 -0.906127 0.1875 0.5625 -0.5147 -0.3764 -0.7703
-0.31819 -0.55557 -0.768178 0.1875 0.6875 -0.5147 -0.3764 -0.7703
-0.392848 0.83147 -0.392848 0.125 0.1875 -0.3966 0.7002 -0.5936
-0.212608 0.83147 -0.51328 0.1875 0.1875 -0.3966 0.7002 -0.5936
-0.31819 0.55557 -0.768178 0.1875 0.3125 -0.3966 0.7002 -0.5936
-0.906127 0.19509 -0.37533 0.0625 0.4375 -0.8315 -0 -0.5556
-0.69352 0.19509 -0.69352 0.125 0.4375 -0.8315 -0 -0.5556
-0.69352 -0.19509 -0.69352 0.125 0.5625 -0.8315 -0 -0.5556
-0.212608 -0.83147 -0.51328 0.1875 0.8125 -0.2161 -0.9212 -0.3235
-0.074658 -0.980785 -0.18024 0.1875 0.9375 -0.2161 -0.9212 -0.3235
-0.13795 -0.980785 -0.13795 0.125 0.9375 -0.2161 -0.9212 -0.3235
-0.768177 0.55557 -0.31819 0.0625 0.3125 -0.7703 0.3764 -0.5147
-0.587938 0.55557 -0.587938 0.125 0.3125 -0.7703 0.3764 -0.5147
-0.69352 0.19509 -0.69352 0.125 0.4375 -0.7703 0.3764 -0.5147
-0.13795 0.980785 -0.13795 0.125 0.0625 -0.3235 0.9212 -0.2161
-0.392848 0.83147 -0.392848 0.125 0.1875 -0.3235 0.9212 -0.2161
-0.51328 0.83147 -0.212608 0.0625 0.1875 -0.3235 0.9212 -0.2161
-0.587938 -0.55557 -0.587938 0.125 0.6875 -0.5936 -0.7002 -0.3966
-0.392847 -0.83147 -0.392848 0.125 0.8125 -0.5936 -0.7002 -0.3966
-0.51328 -0.83147 -0.212608 0.0625 0.8125 -0.5936 -0.7002 -0.3966
-0.906127 -0.19509 -0.37533 0.0625 0.5625 -0.7703 -0.3764 -0.5147
-0.69352 -0.19509 -0.69352 0.125 0.5625 -0.7703 -0.3764 -0.5147
-0.587938 -0.55557 -0.587938 0.125 0.6875 -0.7703 -0.3764 -0.5147
-0.392848 0.83147 -0.392848 0.125 0.1875 -0.5936 0.7002 -0.3966
-0.587938 0.55557 -0.587938 0.125 0.3125 -0.5936 0.7002 -0.3966
-0.768177 0.55557 -0.31819 0.0625 0.3125 -0.5936 0.7002 -0.3966
-0.980785 0.19509 -0 1 0.4375 -0.9808 -0 -0.1951
-0.906127 0.19509 -0.37533 0.0625 0.4375 -0.9808 -0 -0.1951
-0.906127 -0.19509 -0.37533 0.0625 0.5625 -0.9808 -0 -0.1951
-0.51328 -0.83147 -0.212608 0.0625 0.8125 -0.3235 -0.9212 -0.2161
-0.392847 -0.83147 -0.392848 0.125 0.8125 -0.3235 -0.9212 -0.2161
-0.13795 -0.980785 -0.13795 0.125 0.9375 -0.3235 -0.9212 -0.2161
-0.831469 0.55557 -0 1 0.3125 -0.9087 0.3764 -0.1807
-0.768177 0.55557 -0.31819 0.0625 0.3125 -0.9087 0.3764 -0.1807
-0.906127 0.19509 -0.37533 0.0625 0.4375 -0.9087 0.3764 -0.1807
-0.18024 0.980785 -0.074658 0.0625 0.0625 -0.3816 0.9212 -0.0759
-0.51328 0.83147 -0.212608 0.0625 0.1875 -0.3816 0.9212 -0.0759
-0.55557 0.83147 -0 0 0.1875 -0.3816 0.9212 -0.0759
-0.831469 -0.55557 0 1 0.6875 -0.7002 -0.7002 -0.1393
-0.768177 -0.55557 -0.31819 0.0625 0.6875 -0.7002 -0.7002 -0.1393
-0.51328 -0.83147 -0.212608 0.0625 0.8125 -0.7002 -0.7002 -0.1393
-0.906127 -0.19509 -0.37533 0.0625 0.5625 -0.9087 -0.3764 -0.1807
-0.768177 -0.55557 -0.31819 0.0625 0.6875 -0.9087 -0.3764 -0.1807
-0.831469 -0.55557 0 0 0.6875 -0.9087 -0.3764 -0.1807
-0.51328 0.83147 -0.212608 0.0625 0.1875 -0.7002 0.7002 -0.1393
-0.768177 0.55557 -0.31819 0.0625 0.3125 -0.7002 0.7002 -0.1393
-0.831469 0.55557 -0 0 0.3125 -0.7002 0.7002 -0.1393
-0.906127 0.19509 0.37533 0.9375 0.4375 -0.9808 0 0.1951
-0.980785 0.19509 -0 1 0.4375 -0.9808 0 0.1951
-0.980785 -0.19509 0 0 0.5625 -0.9808 0 0.1951
-0.768177 0.55557 0.318189 0.9375 0.3125 -0.9087 0.3764 0.1807
-0.831469 0.55557 -0 1 0.3125 -0.9087 0.3764 0.1807
-0.980785 0.19509 -0 0 0.4375 -0.9087 0.3764 0.1807
-0.18024 0.980785 0.074658 0.9375 0.0625 -0.3816 0.9212 0.0759
-0.19509 0.980785 -0 1 0.0625 -0.3816 0.9212 0.0759
-0.55557 0.83147 -0 0 0.1875 -0.3816 0.9212 0.0759
-0.55557 -0.83147 0 1 0.8125 -0.3816 -0.9212 -0.0759
-0.51328 -0.83147 -0.212608 0.0625 0.8125 -0.3816 -0.9212 -0.0759
-0.18024 -0.980785 -0.074658 0.0625 0.9375 -0.3816 -0.9212 -0.0759
-0.980785 -0.19509 0 1 0.5625 -0.9087 -0.3764 0.1807
-0.831469 -0.55557 0 0 0.6875 -0.9087 -0.3764 0.1807
-0.768177 -0.55557 0.318189 0.9375 0.6875 -0.9087 -0.3764 0.1807
-0.51328 0.83147 0.212607 0.9375 0.1875 -0.7002 0.7002 0.1393
-0.55557 0.83147 -0 1 0.1875 -0.7002 0.7002 0.1393
-0.831469 0.55557 -0 0 0.3125 -0.7002 0.7002 0.1393
-0.693519 0.19509 0.693519 0.875 0.4375 -0.8315 0 0.5556
-0.906127 0.19509 0.37533 0.9375 0.4375 -0.8315 0 0.5556
-0.906127 -0.19509 0.37533 0.9375 0.5625 -0.8315 0 0.5556
-0.831469 -0.55557 0 1 0.6875 -0.7002 -0.7002 0.1393
-0.55557 -0.83147 0 0 0.8125 -0.7002 -0.7002 0.1393
-0.51328 -0.83147 0.212607 0.9375 0.8125 -0.7002 -0.7002 0.1393
-0.18024 0.980785 0.074658 0.9375 0.0625 -0.3235 0.9212 0.2161
-0.51328 0.83147 0.212607 0.9375 0.1875 -0.3235 0.9212 0.2161
-0.392847 0.83147 0.392847 0.875 0.1875 -0.3235 0.9212 0.2161
-0.55557 -0.83147 0 1 0.8125 -0.3816 -0.9212 0.0759
-0.19509 -0.980785 0 0 0.9375 -0.3816 -0.9212 0.0759
-0.18024 -0.980785 0.074657 0.9375 0.9375 -0.3816 -0.9212 0.0759
-0.768177 0.55557 0.318189 0.9375 0.3125 -0.7703 0.3764 0.5147
-0.906127 0.19509 0.37533 0.9375 0.4375 -0.7703 0.3764 0.5147
-0.693519 0.19509 0.693519 0.875 0.4375 -0.7703 0.3764 0.5147
-0.51328 0.83147 0.212607 0.9375 0.1875 -0.5936 0.7002 0.3966
-0.768177 0.55557 0.318189 0.9375 0.3125 -0.5936 0.7002 0.3966
-0.587937 0.55557 0.587937 0.875 0.3125 -0.5936 0.7002 0.3966
-0.37533 0.19509 0.906127 0.8125 0.4375 -0.5556 0 0.8315
-0.693519 0.19509 0.693519 0.875 0.4375 -0.5556 0 0.8315
-0.693519 -0.19509 0.693519 0.875 0.5625 -0.5556 0 0.8315
-0.587937 -0.55557 0.587937 0.875 0.6875 -0.5936 -0.7002 0.3966
-0.768177 -0.55557 0.318189 0.9375 0.6875 -0.5936 -0.7002 0.3966
-0.51328 -0.83147 0.212607 0.9375 0.8125 -0.5936 -0.7002 0.3966
-0.074658 0.980785 0.18024 0.8125 0.0625 -0.2161 0.9212 0.3235
-0.13795 0.980785 0.137949 0.875 0.0625 -0.2161 0.9212 0.3235
-0.392847 0.83147 0.392847 0.875 0.1875 -0.2161 0.9212 0.3235
-0.693519 -0.19509 0.693519 0.875 0.5625 -0.7703 -0.3764 0.5147
-0.906127 -0.19509 0.37533 0.9375 0.5625 -0.7703 -0.3764 0.5147
-0.768177 -0.55557 0.318189 0.9375 0.6875 -0.7703 -0.3764 0.5147
-0.318189 0.55557 0.768177 0.8125 0.3125 -0.5147 0.3764 0.7703
-0.587937 0.55557 0.587937 0.875 0.3125 -0.5147 0.3764 0.7703
-0.693519 0.19509 0.693519 0.875 0.4375 -0.5147 0.3764 0.7703
-0.51328 -0.83147 0.212607 0.9375 0.8125 -0.3235 -0.9212 0.2161
-0.18024 -0.980785 0.074657 0.9375 0.9375 -0.3235 -0.9212 0.2161
-0.13795 -0.980785 0.137949 0.875 0.9375 -0.3235 -0.9212 0.2161
-0.212607 0.83147 0.51328 0.8125 0.1875 -0.3966 0.7002 0.5936
-0.392847 0.83147 0.392847 0.875 0.1875 -0.3966 0.7002 0.5936
-0.587937 0.55557 0.587937 0.875 0.3125 -0.3966 0.7002 0.5936
-0.318189 -0.55557 0.768177 0.8125 0.6875 -0.3966 -0.7002 0.5936
-0.587937 -0.55557 0.587937 0.875 0.6875 -0.3966 -0.7002 0.5936
-0.392847 -0.83147 0.392847 0.875 0.8125 -0.3966 -0.7002 0.5936
-0.693519 -0.19509 0.693519 0.875 0.5625 -0.5147 -0.3764 0.7703
-0.587937 -0.55557 0.587937 0.875 0.6875 -0.5147 -0.3764 0.7703
-0.318189 -0.55557 0.768177 0.8125 0.6875 -0.5147 -0.3764 0.7703
-0.392847 -0.83147 0.392847 0.875 0.8125 -0.2161 -0.9212 0.3235
-0.13795 -0.980785 0.137949 0.875 0.9375 -0.2161 -0.9212 0.3235
-0.074658 -0.980785 0.18024 0.8125 0.9375 -0.2161 -0.9212 0.3235
0 -0.19509 0.980785 0.75 0.5625 -0.1807 -0.3764 0.9087
-0.37533 -0.19509 0.906127 0.8125 0.5625 -0.1807 -0.3764 0.9087
-0.318189 -0.55557 0.768177 0.8125 0.6875 -0.1807 -0.3764 0.9087
-0.318189 -0.55557 0.768177 0.8125 0.6875 -0.1393 -0.7002 0.7002
-0.212607 -0.83147 0.513279 0.8125 0.8125 -0.1393 -0.7002 0.7002
0 -0.83147 0.55557 0.75 0.8125 -0.1393 -0.7002 0.7002
0 -0.83147 0.55557 0.75 0.8125 -0.0759 -0.9212 0.3816
-0.212607 -0.83147 0.513279 0.8125 0.8125 -0.0759 -0.9212 0.3816
-0.074658 -0.980785 0.18024 0.8125 0.9375 -0.0759 -0.9212 0.3816
-0.37533 0.19509 0.906127 0.8125 0.4375 -0.1807 0.3764 0.9087
0 0.19509 0.980785 0.75 0.4375 -0.1807 0.3764 0.9087
0 0.55557 0.83147 0.75 0.3125 -0.1807 0.3764 0.9087
0.587938 0.55557 0.587938 0.625 0.3125 0.7703 0.3764 0.5147
0.69352 0.19509 0.69352 0.625 0.4375 0.7703 0.3764 0.5147
0.906128 0.19509 0.37533 0.5625 0.4375 0.7703 0.3764 0.5147
0 -0.83147 0.55557 0.75 0.8125 0.0759 -0.9212 0.3816
0 -0.980785 0.19509 0.75 0.9375 0.0759 -0.9212 0.3816
0.074658 -0.980785 0.18024 0.6875 0.9375 0.0759 -0.9212 0.3816
0.13795 0.980785 0.13795 0.625 0.0625 0.2161 0.9212 0.3235
0.074658 0.980785 0.18024 0.6875 0.0625 0.2161 0.9212 0.3235
0.212608 0.83147 0.51328 0.6875 0.1875 0.2161 0.9212 0.3235
0.587938 0.55557 0.587938 0.625 0.3125 0.5147 0.3764 0.7703
0.31819 0.55557 0.768178 0.6875 0.3125 0.5147 0.3764 0.7703
0.37533 0.19509 0.906127 0.6875 0.4375 0.5147 0.3764 0.7703
0 0.83147 0.55557 0.75 0.1875 -0.0759 0.9212 0.3816
0 0.980785 0.19509 0.75 0.0625 -0.0759 0.9212 0.3816
-0.074658 0.980785 0.18024 0.8125 0.0625 -0.0759 0.9212 0.3816
